# Energy (eV)    dos (states/eV/spin)
# Sigma =  0.800000 eV
-1.5000000000E+01      2.0893002947E-14
-1.4949916528E+01      3.9266791344E-14
-1.4899833055E+01      7.3245326093E-14
-1.4849749583E+01      1.3560188412E-13
-1.4799666110E+01      2.4916337418E-13
-1.4749582638E+01      4.5439834767E-13
-1.4699499165E+01      8.2247888319E-13
-1.4649415693E+01      1.4775755107E-12
-1.4599332220E+01      2.6345897931E-12
-1.4549248748E+01      4.6624719901E-12
-1.4499165275E+01      8.1895670342E-12
-1.4449081803E+01      1.4277387364E-11
-1.4398998331E+01      2.4704798557E-11
-1.4348914858E+01      4.2428767202E-11
-1.4298831386E+01      7.2324902322E-11
-1.4248747913E+01      1.2236734981E-10
-1.4198664441E+01      2.0549228090E-10
-1.4148580968E+01      3.4251519157E-10
-1.4098497496E+01      5.6665764641E-10
-1.4048414023E+01      9.3050905555E-10
-1.3998330551E+01      1.5166377879E-09
-1.3948247078E+01      2.4536193583E-09
-1.3898163606E+01      3.9400283395E-09
-1.3848080134E+01      6.2800240253E-09
-1.3797996661E+01      9.9356485199E-09
-1.3747913189E+01      1.5602976044E-08
-1.3697829716E+01      2.4321958349E-08
-1.3647746244E+01      3.7633387881E-08
-1.3597662771E+01      5.7801062190E-08
-1.3547579299E+01      8.8123220854E-08
-1.3497495826E+01      1.3336489892E-07
-1.3447412354E+01      2.0035226176E-07
-1.3397328881E+01      2.9878150074E-07
-1.3347245409E+01      4.4230867442E-07
-1.3297161937E+01      6.5000308250E-07
-1.3247078464E+01      9.4826532527E-07
-1.3196994992E+01      1.3733318899E-06
-1.3146911519E+01      1.9745104027E-06
-1.3096828047E+01      2.8183127284E-06
-1.3046744574E+01      3.9936755977E-06
-1.2996661102E+01      5.6184786255E-06
-1.2946577629E+01      7.8475851427E-06
-1.2896494157E+01      1.0882639364E-05
-1.2846410684E+01      1.4983850707E-05
-1.2796327212E+01      2.0483978841E-05
-1.2746243740E+01      2.7804697293E-05
-1.2696160267E+01      3.7475455278E-05
-1.2646076795E+01      5.0154873306E-05
-1.2595993322E+01      6.6654595260E-05
-1.2545909850E+01      8.7965376664E-05
-1.2495826377E+01      1.1528501604E-04
-1.2445742905E+01      1.5004753633E-04
-1.2395659432E+01      1.9395280155E-04
-1.2345575960E+01      2.4899551916E-04
-1.2295492487E+01      3.1749234207E-04
-1.2245409015E+01      4.0210556132E-04
-1.2195325543E+01      5.0586168862E-04
-1.2145242070E+01      6.3216308644E-04
-1.2095158598E+01      7.8479073302E-04
-1.2045075125E+01      9.6789623028E-04
-1.1994991653E+01      1.1859812915E-03
-1.1944908180E+01      1.4438631971E-03
-1.1894824708E+01      1.7466250882E-03
-1.1844741235E+01      2.0995504774E-03
-1.1794657763E+01      2.5080419891E-03
-1.1744574290E+01      2.9775250732E-03
-1.1694490818E+01      3.5133382402E-03
-1.1644407346E+01      4.1206122028E-03
-1.1594323873E+01      4.8041411294E-03
-1.1544240401E+01      5.5682499652E-03
-1.1494156928E+01      6.4166624032E-03
-1.1444073456E+01      7.3523745286E-03
-1.1393989983E+01      8.3775393759E-03
-1.1343906511E+01      9.4933675763E-03
-1.1293823038E+01      1.0700048922E-02
-1.1243739566E+01      1.1996699020E-02
-1.1193656093E+01      1.3381334274E-02
-1.1143572621E+01      1.4850877241E-02
-1.1093489149E+01      1.6401193047E-02
-1.1043405676E+01      1.8027156072E-02
-1.0993322204E+01      1.9722744635E-02
-1.0943238731E+01      2.1481160031E-02
-1.0893155259E+01      2.3294965067E-02
-1.0843071786E+01      2.5156236397E-02
-1.0792988314E+01      2.7056724408E-02
-1.0742904841E+01      2.8988014329E-02
-1.0692821369E+01      3.0941682587E-02
-1.0642737896E+01      3.2909443168E-02
-1.0592654424E+01      3.4883279835E-02
-1.0542570952E+01      3.6855561408E-02
-1.0492487479E+01      3.8819138731E-02
-1.0442404007E+01      4.0767423351E-02
-1.0392320534E+01      4.2694449183E-02
-1.0342237062E+01      4.4594919283E-02
-1.0292153589E+01      4.6464240363E-02
-1.0242070117E+01      4.8298547628E-02
-1.0191986644E+01      5.0094722077E-02
-1.0141903172E+01      5.1850401443E-02
-1.0091819699E+01      5.3563984799E-02
-1.0041736227E+01      5.5234629485E-02
-9.9916527546E+00      5.6862237795E-02
-9.9415692821E+00      5.8447429896E-02
-9.8914858097E+00      5.9991498966E-02
-9.8414023372E+00      6.1496344759E-02
-9.7913188648E+00      6.2964382673E-02
-9.7412353923E+00      6.4398427053E-02
-9.6911519199E+00      6.5801549770E-02
-9.6410684474E+00      6.7176917822E-02
-9.5909849750E+00      6.8527616668E-02
-9.5409015025E+00      6.9856468800E-02
-9.4908180301E+00      7.1165859386E-02
-9.4407345576E+00      7.2457582313E-02
-9.3906510851E+00      7.3732720406E-02
-9.3405676127E+00      7.4991572662E-02
-9.2904841402E+00      7.6233639148E-02
-9.2404006678E+00      7.7457670597E-02
-9.1903171953E+00      7.8661785118E-02
-9.1402337229E+00      7.9843648979E-02
-9.0901502504E+00      8.1000712681E-02
-9.0400667780E+00      8.2130487976E-02
-8.9899833055E+00      8.3230846650E-02
-8.9398998331E+00      8.4300318277E-02
-8.8898163606E+00      8.5338362208E-02
-8.8397328881E+00      8.6345589076E-02
-8.7896494157E+00      8.7323909211E-02
-8.7395659432E+00      8.8276589509E-02
-8.6894824708E+00      8.9208206352E-02
-8.6393989983E+00      9.0124489552E-02
-8.5893155259E+00      9.1032060678E-02
-8.5392320534E+00      9.1938077652E-02
-8.4891485810E+00      9.2849805683E-02
-8.4390651085E+00      9.3774141547E-02
-8.3889816361E+00      9.4717123561E-02
-8.3388981636E+00      9.5683462538E-02
-8.2888146912E+00      9.6676129535E-02
-8.2387312187E+00      9.7696033911E-02
-8.1886477462E+00      9.8741820334E-02
-8.1385642738E+00      9.9809806160E-02
-8.0884808013E+00      1.0089407147E-01
-8.0383973289E+00      1.0198670369E-01
-7.9883138564E+00      1.0307818796E-01
-7.9382303840E+00      1.0415792359E-01
-7.8881469115E+00      1.0521483788E-01
-7.8380634391E+00      1.0623806041E-01
-7.7879799666E+00      1.0721761616E-01
-7.7378964942E+00      1.0814509288E-01
-7.6878130217E+00      1.0901423927E-01
-7.6377295492E+00      1.0982145381E-01
-7.5876460768E+00      1.1056613073E-01
-7.5375626043E+00      1.1125083843E-01
-7.4874791319E+00      1.1188131610E-01
-7.4373956594E+00      1.1246628593E-01
-7.3873121870E+00      1.1301708959E-01
-7.3372287145E+00      1.1354716896E-01
-7.2871452421E+00      1.1407142007E-01
-7.2370617696E+00      1.1460545683E-01
-7.1869782972E+00      1.1516482579E-01
-7.1368948247E+00      1.1576421514E-01
-7.0868113523E+00      1.1641670048E-01
-7.0367278798E+00      1.1713306637E-01
-6.9866444073E+00      1.1792123729E-01
-6.9365609349E+00      1.1878584444E-01
-6.8864774624E+00      1.1972794657E-01
-6.8363939900E+00      1.2074491457E-01
-6.7863105175E+00      1.2183048126E-01
-6.7362270451E+00      1.2297495033E-01
-6.6861435726E+00      1.2416555187E-01
-6.6360601002E+00      1.2538692702E-01
-6.5859766277E+00      1.2662172029E-01
-6.5358931553E+00      1.2785125611E-01
-6.4858096828E+00      1.2905627431E-01
-6.4357262104E+00      1.3021769902E-01
-6.3856427379E+00      1.3131741537E-01
-6.3355592654E+00      1.3233902844E-01
-6.2854757930E+00      1.3326857939E-01
-6.2353923205E+00      1.3409519417E-01
-6.1853088481E+00      1.3481164054E-01
-6.1352253756E+00      1.3541477032E-01
-6.0851419032E+00      1.3590582492E-01
-6.0350584307E+00      1.3629058474E-01
-5.9849749583E+00      1.3657934655E-01
-5.9348914858E+00      1.3678671761E-01
-5.8848080134E+00      1.3693122191E-01
-5.8347245409E+00      1.3703472124E-01
-5.7846410684E+00      1.3712166298E-01
-5.7345575960E+00      1.3721817568E-01
-5.6844741235E+00      1.3735104325E-01
-5.6343906511E+00      1.3754659758E-01
-5.5843071786E+00      1.3782957683E-01
-5.5342237062E+00      1.3822200234E-01
-5.4841402337E+00      1.3874212973E-01
-5.4340567613E+00      1.3940352938E-01
-5.3839732888E+00      1.4021434767E-01
-5.3338898164E+00      1.4117679272E-01
-5.2838063439E+00      1.4228687829E-01
-5.2337228715E+00      1.4353444624E-01
-5.1836393990E+00      1.4490347293E-01
-5.1335559265E+00      1.4637264974E-01
-5.0834724541E+00      1.4791621195E-01
-5.0333889816E+00      1.4950497660E-01
-4.9833055092E+00      1.5110753791E-01
-4.9332220367E+00      1.5269156045E-01
-4.8831385643E+00      1.5422510545E-01
-4.8330550918E+00      1.5567792490E-01
-4.7829716194E+00      1.5702266165E-01
-4.7328881469E+00      1.5823590093E-01
-4.6828046745E+00      1.5929902896E-01
-4.6327212020E+00      1.6019886719E-01
-4.5826377295E+00      1.6092806481E-01
-4.5325542571E+00      1.6148524596E-01
-4.4824707846E+00      1.6187492206E-01
-4.4323873122E+00      1.6210719060E-01
-4.3823038397E+00      1.6219725094E-01
-4.3322203673E+00      1.6216477360E-01
-4.2821368948E+00      1.6203316163E-01
-4.2320534224E+00      1.6182874270E-01
-4.1819699499E+00      1.6157992646E-01
-4.1318864775E+00      1.6131635693E-01
-4.0818030050E+00      1.6106808275E-01
-4.0317195326E+00      1.6086476095E-01
-3.9816360601E+00      1.6073490389E-01
-3.9315525876E+00      1.6070517343E-01
-3.8814691152E+00      1.6079972317E-01
-3.8313856427E+00      1.6103958874E-01
-3.7813021703E+00      1.6144212660E-01
-3.7312186978E+00      1.6202050484E-01
-3.6811352254E+00      1.6278325386E-01
-3.6310517529E+00      1.6373388896E-01
-3.5809682805E+00      1.6487062176E-01
-3.5308848080E+00      1.6618618077E-01
-3.4808013356E+00      1.6766776274E-01
-3.4307178631E+00      1.6929713598E-01
-3.3806343907E+00      1.7105091349E-01
-3.3305509182E+00      1.7290100751E-01
-3.2804674457E+00      1.7481526906E-01
-3.2303839733E+00      1.7675830572E-01
-3.1803005008E+00      1.7869245993E-01
-3.1302170284E+00      1.8057891880E-01
-3.0801335559E+00      1.8237891625E-01
-3.0300500835E+00      1.8405497967E-01
-2.9799666110E+00      1.8557216784E-01
-2.9298831386E+00      1.8689924412E-01
-2.8797996661E+00      1.8800972996E-01
-2.8297161937E+00      1.8888278890E-01
-2.7796327212E+00      1.8950389915E-01
-2.7295492487E+00      1.8986528412E-01
-2.6794657763E+00      1.8996608347E-01
-2.6293823038E+00      1.8981226181E-01
-2.5792988314E+00      1.8941626685E-01
-2.5292153589E+00      1.8879646252E-01
-2.4791318865E+00      1.8797637453E-01
-2.4290484140E+00      1.8698379504E-01
-2.3789649416E+00      1.8584979879E-01
-2.3288814691E+00      1.8460772505E-01
-2.2787979967E+00      1.8329217795E-01
-2.2287145242E+00      1.8193809192E-01
-2.1786310518E+00      1.8057990034E-01
-2.1285475793E+00      1.7925083430E-01
-2.0784641068E+00      1.7798236549E-01
-2.0283806344E+00      1.7680379440E-01
-1.9782971619E+00      1.7574197236E-01
-1.9282136895E+00      1.7482113576E-01
-1.8781302170E+00      1.7406282258E-01
-1.8280467446E+00      1.7348583725E-01
-1.7779632721E+00      1.7310622873E-01
-1.7278797997E+00      1.7293725025E-01
-1.6777963272E+00      1.7298927508E-01
-1.6277128548E+00      1.7326965240E-01
-1.5776293823E+00      1.7378249817E-01
-1.5275459098E+00      1.7452842788E-01
-1.4774624374E+00      1.7550424952E-01
-1.4273789649E+00      1.7670264486E-01
-1.3772954925E+00      1.7811187475E-01
-1.3272120200E+00      1.7971554798E-01
-1.2771285476E+00      1.8149249381E-01
-1.2270450751E+00      1.8341677503E-01
-1.1769616027E+00      1.8545787141E-01
-1.1268781302E+00      1.8758105418E-01
-1.0767946578E+00      1.8974796025E-01
-1.0267111853E+00      1.9191736268E-01
-9.7662771285E-01      1.9404612111E-01
-9.2654424040E-01      1.9609028472E-01
-8.7646076795E-01      1.9800631052E-01
-8.2637729549E-01      1.9975235274E-01
-7.7629382304E-01      2.0128957471E-01
-7.2621035058E-01      2.0258343318E-01
-6.7612687813E-01      2.0360488602E-01
-6.2604340568E-01      2.0433147768E-01
-5.7595993322E-01      2.0474826189E-01
-5.2587646077E-01      2.0484852704E-01
-4.7579298831E-01      2.0463429679E-01
-4.2570951586E-01      2.0411658539E-01
-3.7562604341E-01      2.0331539389E-01
-3.2554257095E-01      2.0225944044E-01
-2.7545909850E-01      2.0098562394E-01
-2.2537562604E-01      1.9953822712E-01
-1.7529215359E-01      1.9796787091E-01
-1.2520868114E-01      1.9633023945E-01
-7.5125208681E-02      1.9468460135E-01
-2.5041736227E-02      1.9309216099E-01
 2.5041736227E-02      1.9161428070E-01
 7.5125208681E-02      1.9031062273E-01
 1.2520868114E-01      1.8923726668E-01
 1.7529215359E-01      1.8844486369E-01
 2.2537562604E-01      1.8797689320E-01
 2.7545909850E-01      1.8786808897E-01
 3.2554257095E-01      1.8814310010E-01
 3.7562604341E-01      1.8881544772E-01
 4.2570951586E-01      1.8988682955E-01
 4.7579298831E-01      1.9134681317E-01
 5.2587646077E-01      1.9317294389E-01
 5.7595993322E-01      1.9533127618E-01
 6.2604340568E-01      1.9777731981E-01
 6.7612687813E-01      2.0045737264E-01
 7.2621035058E-01      2.0331019505E-01
 7.7629382304E-01      2.0626896500E-01
 8.2637729549E-01      2.0926343991E-01
 8.7646076795E-01      2.1222224313E-01
 9.2654424040E-01      2.1507518744E-01
 9.7662771285E-01      2.1775554819E-01
 1.0267111853E+00      2.2020220242E-01
 1.0767946578E+00      2.2236155822E-01
 1.1268781302E+00      2.2418920939E-01
 1.1769616027E+00      2.2565126364E-01
 1.2270450751E+00      2.2672530718E-01
 1.2771285476E+00      2.2740098318E-01
 1.3272120200E+00      2.2768017617E-01
 1.3772954925E+00      2.2757680773E-01
 1.4273789649E+00      2.2711626033E-01
 1.4774624374E+00      2.2633445641E-01
 1.5275459098E+00      2.2527662757E-01
 1.5776293823E+00      2.2399581541E-01
 1.6277128548E+00      2.2255115048E-01
 1.6777963272E+00      2.2100595983E-01
 1.7278797997E+00      2.1942575685E-01
 1.7779632721E+00      2.1787616977E-01
 1.8280467446E+00      2.1642086721E-01
 1.8781302170E+00      2.1511954078E-01
 1.9282136895E+00      2.1402600551E-01
 1.9782971619E+00      2.1318647820E-01
 2.0283806344E+00      2.1263809202E-01
 2.0784641068E+00      2.1240770152E-01
 2.1285475793E+00      2.1251102584E-01
 2.1786310518E+00      2.1295216904E-01
 2.2287145242E+00      2.1372354513E-01
 2.2787979967E+00      2.1480622144E-01
 2.3288814691E+00      2.1617067824E-01
 2.3789649416E+00      2.1777796586E-01
 2.4290484140E+00      2.1958122261E-01
 2.4791318865E+00      2.2152750068E-01
 2.5292153589E+00      2.2355983103E-01
 2.5792988314E+00      2.2561944646E-01
 2.6293823038E+00      2.2764807173E-01
 2.6794657763E+00      2.2959018541E-01
 2.7295492487E+00      2.3139515674E-01
 2.7796327212E+00      2.3301916575E-01
 2.8297161937E+00      2.3442682377E-01
 2.8797996661E+00      2.3559242506E-01
 2.9298831386E+00      2.3650077767E-01
 2.9799666110E+00      2.3714758174E-01
 3.0300500835E+00      2.3753934548E-01
 3.0801335559E+00      2.3769285114E-01
 3.1302170284E+00      2.3763420529E-01
 3.1803005008E+00      2.3739752670E-01
 3.2303839733E+00      2.3702334161E-01
 3.2804674457E+00      2.3655676845E-01
 3.3305509182E+00      2.3604558077E-01
 3.3806343907E+00      2.3553824007E-01
 3.4307178631E+00      2.3508198646E-01
 3.4808013356E+00      2.3472106806E-01
 3.5308848080E+00      2.3449517786E-01
 3.5809682805E+00      2.3443815230E-01
 3.6310517529E+00      2.3457696904E-01
 3.6811352254E+00      2.3493106421E-01
 3.7312186978E+00      2.3551197266E-01
 3.7813021703E+00      2.3632327955E-01
 3.8313856427E+00      2.3736085927E-01
 3.8814691152E+00      2.3861336778E-01
 3.9315525876E+00      2.4006294831E-01
 3.9816360601E+00      2.4168610719E-01
 4.0317195326E+00      2.4345471592E-01
 4.0818030050E+00      2.4533709768E-01
 4.1318864775E+00      2.4729915926E-01
 4.1819699499E+00      2.4930553362E-01
 4.2320534224E+00      2.5132070172E-01
 4.2821368948E+00      2.5331006631E-01
 4.3322203673E+00      2.5524095253E-01
 4.3823038397E+00      2.5708351249E-01
 4.4323873122E+00      2.5881151249E-01
 4.4824707846E+00      2.6040298271E-01
 4.5325542571E+00      2.6184071132E-01
 4.5826377295E+00      2.6311256717E-01
 4.6327212020E+00      2.6421163984E-01
 4.6828046745E+00      2.6513619084E-01
 4.7328881469E+00      2.6588941738E-01
 4.7829716194E+00      2.6647903858E-01
 4.8330550918E+00      2.6691672311E-01
 4.8831385643E+00      2.6721738709E-01
 4.9332220367E+00      2.6739839923E-01
 4.9833055092E+00      2.6747873726E-01
 5.0333889816E+00      2.6747814381E-01
 5.0834724541E+00      2.6741633069E-01
 5.1335559265E+00      2.6731227788E-01
 5.1836393990E+00      2.6718366673E-01
 5.2337228715E+00      2.6704647695E-01
 5.2838063439E+00      2.6691476414E-01
 5.3338898164E+00      2.6680061991E-01
 5.3839732888E+00      2.6671430147E-01
 5.4340567613E+00      2.6666450304E-01
 5.4841402337E+00      2.6665872878E-01
 5.5342237062E+00      2.6670371776E-01
 5.5843071786E+00      2.6680586585E-01
 5.6343906511E+00      2.6697158923E-01
 5.6844741235E+00      2.6720757784E-01
 5.7345575960E+00      2.6752089633E-01
 5.7846410684E+00      2.6791890286E-01
 5.8347245409E+00      2.6840897185E-01
 5.8848080134E+00      2.6899802483E-01
 5.9348914858E+00      2.6969189188E-01
 5.9849749583E+00      2.7049454349E-01
 6.0350584307E+00      2.7140724762E-01
 6.0851419032E+00      2.7242771862E-01
 6.1352253756E+00      2.7354933098E-01
 6.1853088481E+00      2.7476047290E-01
 6.2353923205E+00      2.7604411047E-01
 6.2854757930E+00      2.7737762346E-01
 6.3355592654E+00      2.7873295931E-01
 6.3856427379E+00      2.8007713286E-01
 6.4357262104E+00      2.8137307722E-01
 6.4858096828E+00      2.8258082793E-01
 6.5358931553E+00      2.8365899858E-01
 6.5859766277E+00      2.8456648428E-01
 6.6360601002E+00      2.8526431054E-01
 6.6861435726E+00      2.8571753090E-01
 6.7362270451E+00      2.8589706847E-01
 6.7863105175E+00      2.8578139442E-01
 6.8363939900E+00      2.8535794163E-01
 6.8864774624E+00      2.8462416329E-01
 6.9365609349E+00      2.8358816360E-01
 6.9866444073E+00      2.8226885061E-01
 7.0367278798E+00      2.8069558685E-01
 7.0868113523E+00      2.7890734145E-01
 7.1368948247E+00      2.7695137478E-01
 7.1869782972E+00      2.7488151322E-01
 7.2370617696E+00      2.7275609336E-01
 7.2871452421E+00      2.7063567345E-01
 7.3372287145E+00      2.6858062143E-01
 7.3873121870E+00      2.6664869478E-01
 7.4373956594E+00      2.6489272694E-01
 7.4874791319E+00      2.6335852804E-01
 7.5375626043E+00      2.6208309587E-01
 7.5876460768E+00      2.6109321635E-01
 7.6377295492E+00      2.6040451298E-01
 7.6878130217E+00      2.6002098285E-01
 7.7378964942E+00      2.5993503399E-01
 7.7879799666E+00      2.6012801610E-01
 7.8380634391E+00      2.6057121557E-01
 7.8881469115E+00      2.6122726583E-01
 7.9382303840E+00      2.6205190755E-01
 7.9883138564E+00      2.6299601885E-01
 8.0383973289E+00      2.6400782561E-01
 8.0884808013E+00      2.6503519465E-01
 8.1385642738E+00      2.6602790947E-01
 8.1886477462E+00      2.6693982890E-01
 8.2387312187E+00      2.6773083354E-01
 8.2888146912E+00      2.6836847347E-01
 8.3388981636E+00      2.6882924293E-01
 8.3889816361E+00      2.6909942369E-01
 8.4390651085E+00      2.6917545785E-01
 8.4891485810E+00      2.6906383259E-01
 8.5392320534E+00      2.6878048258E-01
 8.5893155259E+00      2.6834973988E-01
 8.6393989983E+00      2.6780288484E-01
 8.6894824708E+00      2.6717637282E-01
 8.7395659432E+00      2.6650983011E-01
 8.7896494157E+00      2.6584392642E-01
 8.8397328881E+00      2.6521823934E-01
 8.8898163606E+00      2.6466922831E-01
 8.9398998331E+00      2.6422843041E-01
 8.9899833055E+00      2.6392097896E-01
 9.0400667780E+00      2.6376452740E-01
 9.0901502504E+00      2.6376863803E-01
 9.1402337229E+00      2.6393466754E-01
 9.1903171953E+00      2.6425615179E-01
 9.2404006678E+00      2.6471966237E-01
 9.2904841402E+00      2.6530607878E-01
 9.3405676127E+00      2.6599219534E-01
 9.3906510851E+00      2.6675256168E-01
 9.4407345576E+00      2.6756144213E-01
 9.4908180301E+00      2.6839477257E-01
 9.5409015025E+00      2.6923199448E-01
 9.5909849750E+00      2.7005765397E-01
 9.6410684474E+00      2.7086266836E-01
 9.6911519199E+00      2.7164518332E-01
 9.7412353923E+00      2.7241096815E-01
 9.7913188648E+00      2.7317332363E-01
 9.8414023372E+00      2.7395250475E-01
 9.8914858097E+00      2.7477468777E-01
 9.9415692821E+00      2.7567053558E-01
 9.9916527546E+00      2.7667343654E-01
 1.0041736227E+01      2.7781750869E-01
 1.0091819699E+01      2.7913547228E-01
 1.0141903172E+01      2.8065650016E-01
 1.0191986644E+01      2.8240415551E-01
 1.0242070117E+01      2.8439452217E-01
 1.0292153589E+01      2.8663462343E-01
 1.0342237062E+01      2.8912121168E-01
 1.0392320534E+01      2.9183999474E-01
 1.0442404007E+01      2.9476534558E-01
 1.0492487479E+01      2.9786052106E-01
 1.0542570952E+01      3.0107839366E-01
 1.0592654424E+01      3.0436267820E-01
 1.0642737896E+01      3.0764961424E-01
 1.0692821369E+01      3.1087004493E-01
 1.0742904841E+01      3.1395181539E-01
 1.0792988314E+01      3.1682239847E-01
 1.0843071786E+01      3.1941164420E-01
 1.0893155259E+01      3.2165454144E-01
 1.0943238731E+01      3.2349387688E-01
 1.0993322204E+01      3.2488267785E-01
 1.1043405676E+01      3.2578633178E-01
 1.1093489149E+01      3.2618428568E-01
 1.1143572621E+01      3.2607124513E-01
 1.1193656093E+01      3.2545781134E-01
 1.1243739566E+01      3.2437051799E-01
 1.1293823038E+01      3.2285125459E-01
 1.1343906511E+01      3.2095608992E-01
 1.1393989983E+01      3.1875353509E-01
 1.1444073456E+01      3.1632231150E-01
 1.1494156928E+01      3.1374871090E-01
 1.1544240401E+01      3.1112365406E-01
 1.1594323873E+01      3.0853956776E-01
 1.1644407346E+01      3.0608720837E-01
 1.1694490818E+01      3.0385256189E-01
 1.1744574290E+01      3.0191394604E-01
 1.1794657763E+01      3.0033942921E-01
 1.1844741235E+01      2.9918466525E-01
 1.1894824708E+01      2.9849122204E-01
 1.1944908180E+01      2.9828545803E-01
 1.1994991653E+01      2.9857797462E-01
 1.2045075125E+01      2.9936364596E-01
 1.2095158598E+01      3.0062220219E-01
 1.2145242070E+01      3.0231931934E-01
 1.2195325543E+01      3.0440814965E-01
 1.2245409015E+01      3.0683121143E-01
 1.2295492487E+01      3.0952254780E-01
 1.2345575960E+01      3.1241005906E-01
 1.2395659432E+01      3.1541791401E-01
 1.2445742905E+01      3.1846895036E-01
 1.2495826377E+01      3.2148698303E-01
 1.2545909850E+01      3.2439895035E-01
 1.2595993322E+01      3.2713684127E-01
 1.2646076795E+01      3.2963936042E-01
 1.2696160267E+01      3.3185330139E-01
 1.2746243740E+01      3.3373461162E-01
 1.2796327212E+01      3.3524914340E-01
 1.2846410684E+01      3.3637309558E-01
 1.2896494157E+01      3.3709315868E-01
 1.2946577629E+01      3.3740638242E-01
 1.2996661102E+01      3.3731978981E-01
 1.3046744574E+01      3.3684976551E-01
 1.3096828047E+01      3.3602124887E-01
 1.3146911519E+01      3.3486676365E-01
 1.3196994992E+01      3.3342531735E-01
 1.3247078464E+01      3.3174120330E-01
 1.3297161937E+01      3.2986273804E-01
 1.3347245409E+01      3.2784096544E-01
 1.3397328881E+01      3.2572835711E-01
 1.3447412354E+01      3.2357753614E-01
 1.3497495826E+01      3.2144004840E-01
 1.3547579299E+01      3.1936520239E-01
 1.3597662771E+01      3.1739899535E-01
 1.3647746244E+01      3.1558314042E-01
 1.3697829716E+01      3.1395420686E-01
 1.3747913189E+01      3.1254288385E-01
 1.3797996661E+01      3.1137337678E-01
 1.3848080134E+01      3.1046294496E-01
 1.3898163606E+01      3.0982158989E-01
 1.3948247078E+01      3.0945190363E-01
 1.3998330551E+01      3.0934908764E-01
 1.4048414023E+01      3.0950115219E-01
 1.4098497496E+01      3.0988930551E-01
 1.4148580968E+01      3.1048853939E-01
 1.4198664441E+01      3.1126841350E-01
 1.4248747913E+01      3.1219403467E-01
 1.4298831386E+01      3.1322721928E-01
 1.4348914858E+01      3.1432781724E-01
 1.4398998331E+01      3.1545516563E-01
 1.4449081803E+01      3.1656962919E-01
 1.4499165275E+01      3.1763417465E-01
 1.4549248748E+01      3.1861591742E-01
 1.4599332220E+01      3.1948757282E-01
 1.4649415693E+01      3.2022874149E-01
 1.4699499165E+01      3.2082695963E-01
 1.4749582638E+01      3.2127845010E-01
 1.4799666110E+01      3.2158852034E-01
 1.4849749583E+01      3.2177156676E-01
 1.4899833055E+01      3.2185066280E-01
 1.4949916528E+01      3.2185672759E-01
 1.5000000000E+01      3.2182729377E-01
