# mu(sigma) from mantel
# Fermi energy [eV] =     7.854437
# Bands  in_min = 1  in_max = 10
# Q-pts  iq_min = 1  iq_max = 16
# No external N_F supplied - mu rescaled column set to -1
#   sigma (eV)  N_F (states/eV/spin)  N_F (states/Ry/spin)     W(0,0) (eV)          mu  mu (dos rescaled)
        0.0100              0.000000              0.000000        0.000000    0.000000          -1.000000
        0.0200              0.000200              0.002715        2.959608    0.000591          -1.000000
        0.0300              0.013201              0.179615        2.959600    0.039071          -1.000000
        0.0400              0.049514              0.673677        2.956967    0.146412          -1.000000
        0.0500              0.083997              1.142844        2.917405    0.245055          -1.000000
        0.0600              0.107759              1.466135        2.774610    0.298989          -1.000000
        0.0700              0.124464              1.693422        2.530766    0.314990          -1.000000
        0.0800              0.137899              1.876216        2.260237    0.311685          -1.000000
        0.0900              0.149686              2.036577        2.028683    0.303664          -1.000000
        0.1000              0.160181              2.179370        1.859086    0.297789          -1.000000
        0.1100              0.169360              2.304258        1.745730    0.295656          -1.000000
        0.1200              0.177202              2.410955        1.673714    0.296585          -1.000000
        0.1300              0.183766              2.500272        1.628946    0.299346          -1.000000
        0.1400              0.189166              2.573737        1.601012    0.302857          -1.000000
        0.1500              0.193529              2.633104        1.583064    0.306369          -1.000000
        0.1600              0.196981              2.680067        1.570904    0.309438          -1.000000
        0.1700              0.199635              2.716169        1.562084    0.311846          -1.000000
        0.1800              0.201592              2.742794        1.555219    0.313519          -1.000000
        0.1900              0.202944              2.761194        1.549537    0.314469          -1.000000
        0.2000              0.203776              2.772510        1.544591    0.314750          -1.000000
        0.2100              0.204164              2.777797        1.540103    0.314434          -1.000000
        0.2200              0.204181              2.778025        1.535877    0.313597          -1.000000
        0.2300              0.203892              2.774089        1.531760    0.312313          -1.000000
        0.2400              0.203356              2.766806        1.527623    0.310652          -1.000000
        0.2500              0.202629              2.756912        1.523360    0.308677          -1.000000
        0.2600              0.201758              2.745064        1.518889    0.306448          -1.000000
        0.2700              0.200786              2.731838        1.514153    0.304021          -1.000000
        0.2800              0.199749              2.717732        1.509123    0.301446          -1.000000
        0.2900              0.198679              2.703168        1.503793    0.298772          -1.000000
        0.3000              0.197601              2.688496        1.498181    0.296042          -1.000000
        0.3100              0.196535              2.674000        1.492322    0.293294          -1.000000
        0.3200              0.195499              2.659904        1.486266    0.290564          -1.000000
        0.3300              0.194505              2.646381        1.480068    0.287881          -1.000000
        0.3400              0.193563              2.633558        1.473790    0.285271          -1.000000
        0.3500              0.192678              2.621524        1.467492    0.282754          -1.000000
        0.3600              0.191856              2.610338        1.461230    0.280346          -1.000000
        0.3700              0.191099              2.600031        1.455056    0.278059          -1.000000
        0.3800              0.190407              2.590615        1.449014    0.275902          -1.000000
        0.3900              0.189780              2.582088        1.443140    0.273879          -1.000000
        0.4000              0.189217              2.574435        1.437461    0.271993          -1.000000
        0.4100              0.188717              2.567632        1.431998    0.270243          -1.000000
        0.4200              0.188278              2.561650        1.426764    0.268628          -1.000000
        0.4300              0.187896              2.556455        1.421766    0.267144          -1.000000
        0.4400              0.187569              2.552010        1.417004    0.265786          -1.000000
        0.4500              0.187295              2.548278        1.412478    0.264550          -1.000000
        0.4600              0.187070              2.545218        1.408179    0.263428          -1.000000
        0.4700              0.186892              2.542792        1.404099    0.262414          -1.000000
        0.4800              0.186757              2.540960        1.400228    0.261502          -1.000000
        0.4900              0.186663              2.539683        1.396554    0.260685          -1.000000
        0.5000              0.186607              2.538923        1.393064    0.259956          -1.000000
        0.5100              0.186587              2.538641        1.389747    0.259308          -1.000000
        0.5200              0.186598              2.538802        1.386591    0.258736          -1.000000
        0.5300              0.186640              2.539370        1.383583    0.258232          -1.000000
        0.5400              0.186709              2.540311        1.380714    0.257792          -1.000000
        0.5500              0.186803              2.541591        1.377973    0.257410          -1.000000
        0.5600              0.186920              2.543178        1.375352    0.257081          -1.000000
        0.5700              0.187057              2.545044        1.372841    0.256800          -1.000000
        0.5800              0.187212              2.547158        1.370434    0.256562          -1.000000
        0.5900              0.187384              2.549493        1.368125    0.256365          -1.000000
        0.6000              0.187570              2.552025        1.365906    0.256203          -1.000000
        0.6100              0.187769              2.554728        1.363774    0.256074          -1.000000
        0.6200              0.187979              2.557581        1.361723    0.255975          -1.000000
        0.6300              0.188198              2.560561        1.359750    0.255902          -1.000000
        0.6400              0.188425              2.563651        1.357850    0.255852          -1.000000
        0.6500              0.188658              2.566831        1.356021    0.255825          -1.000000
        0.6600              0.188898              2.570084        1.354259    0.255816          -1.000000
        0.6700              0.189141              2.573396        1.352562    0.255825          -1.000000
        0.6800              0.189388              2.576753        1.350928    0.255849          -1.000000
        0.6900              0.189637              2.580142        1.349353    0.255887          -1.000000
        0.7000              0.189887              2.583551        1.347837    0.255937          -1.000000
        0.7100              0.190139              2.586969        1.346376    0.255998          -1.000000
        0.7200              0.190390              2.590387        1.344969    0.256068          -1.000000
        0.7300              0.190640              2.593796        1.343615    0.256147          -1.000000
        0.7400              0.190890              2.597189        1.342311    0.256233          -1.000000
        0.7500              0.191137              2.600558        1.341055    0.256326          -1.000000
        0.7600              0.191383              2.603898        1.339846    0.256423          -1.000000
        0.7700              0.191626              2.607202        1.338682    0.256526          -1.000000
        0.7800              0.191866              2.610465        1.337562    0.256632          -1.000000
        0.7900              0.192102              2.613684        1.336483    0.256741          -1.000000
        0.8000              0.192335              2.616855        1.335445    0.256853          -1.000000
        0.8100              0.192564              2.619973        1.334446    0.256967          -1.000000
        0.8200              0.192789              2.623036        1.333485    0.257082          -1.000000
        0.8300              0.193010              2.626041        1.332559    0.257198          -1.000000
        0.8400              0.193227              2.628987        1.331667    0.257314          -1.000000
        0.8500              0.193439              2.631870        1.330809    0.257430          -1.000000
        0.8600              0.193646              2.634691        1.329983    0.257546          -1.000000
        0.8700              0.193849              2.637446        1.329187    0.257661          -1.000000
        0.8800              0.194046              2.640136        1.328420    0.257775          -1.000000
        0.8900              0.194239              2.642760        1.327682    0.257888          -1.000000
        0.9000              0.194427              2.645316        1.326970    0.257999          -1.000000
        0.9100              0.194610              2.647805        1.326284    0.258108          -1.000000
        0.9200              0.194788              2.650226        1.325622    0.258215          -1.000000
        0.9300              0.194961              2.652579        1.324984    0.258320          -1.000000
        0.9400              0.195129              2.654864        1.324369    0.258423          -1.000000
        0.9500              0.195292              2.657082        1.323776    0.258523          -1.000000
        0.9600              0.195450              2.659234        1.323203    0.258620          -1.000000
        0.9700              0.195603              2.661319        1.322650    0.258714          -1.000000
        0.9800              0.195752              2.663338        1.322116    0.258806          -1.000000
        0.9900              0.195895              2.665292        1.321600    0.258895          -1.000000
        1.0000              0.196034              2.667182        1.321101    0.258981          -1.000000
