# Energy (eV)    dos (states/eV/spin)
# Sigma =  0.200000 eV
-2.0000000000E+01      0.0000000000E+00
-1.9798994975E+01      0.0000000000E+00
-1.9597989950E+01      0.0000000000E+00
-1.9396984925E+01      0.0000000000E+00
-1.9195979899E+01      0.0000000000E+00
-1.8994974874E+01      0.0000000000E+00
-1.8793969849E+01      0.0000000000E+00
-1.8592964824E+01      0.0000000000E+00
-1.8391959799E+01      0.0000000000E+00
-1.8190954774E+01      0.0000000000E+00
-1.7989949749E+01      0.0000000000E+00
-1.7788944724E+01      0.0000000000E+00
-1.7587939698E+01      0.0000000000E+00
-1.7386934673E+01      0.0000000000E+00
-1.7185929648E+01      0.0000000000E+00
-1.6984924623E+01      0.0000000000E+00
-1.6783919598E+01      0.0000000000E+00
-1.6582914573E+01      0.0000000000E+00
-1.6381909548E+01      0.0000000000E+00
-1.6180904523E+01      0.0000000000E+00
-1.5979899497E+01      0.0000000000E+00
-1.5778894472E+01      0.0000000000E+00
-1.5577889447E+01      0.0000000000E+00
-1.5376884422E+01      0.0000000000E+00
-1.5175879397E+01      0.0000000000E+00
-1.4974874372E+01      0.0000000000E+00
-1.4773869347E+01      0.0000000000E+00
-1.4572864322E+01      0.0000000000E+00
-1.4371859296E+01      0.0000000000E+00
-1.4170854271E+01      0.0000000000E+00
-1.3969849246E+01      0.0000000000E+00
-1.3768844221E+01      0.0000000000E+00
-1.3567839196E+01      0.0000000000E+00
-1.3366834171E+01      0.0000000000E+00
-1.3165829146E+01      0.0000000000E+00
-1.2964824121E+01      0.0000000000E+00
-1.2763819095E+01      0.0000000000E+00
-1.2562814070E+01      0.0000000000E+00
-1.2361809045E+01      0.0000000000E+00
-1.2160804020E+01      0.0000000000E+00
-1.1959798995E+01      0.0000000000E+00
-1.1758793970E+01      0.0000000000E+00
-1.1557788945E+01      0.0000000000E+00
-1.1356783920E+01      0.0000000000E+00
-1.1155778894E+01      0.0000000000E+00
-1.0954773869E+01      0.0000000000E+00
-1.0753768844E+01      0.0000000000E+00
-1.0552763819E+01      0.0000000000E+00
-1.0351758794E+01      0.0000000000E+00
-1.0150753769E+01      0.0000000000E+00
-9.9497487437E+00      0.0000000000E+00
-9.7487437186E+00      0.0000000000E+00
-9.5477386935E+00      0.0000000000E+00
-9.3467336683E+00      0.0000000000E+00
-9.1457286432E+00      0.0000000000E+00
-8.9447236181E+00      0.0000000000E+00
-8.7437185930E+00      0.0000000000E+00
-8.5427135678E+00      0.0000000000E+00
-8.3417085427E+00      0.0000000000E+00
-8.1407035176E+00      0.0000000000E+00
-7.9396984925E+00      0.0000000000E+00
-7.7386934673E+00      0.0000000000E+00
-7.5376884422E+00      0.0000000000E+00
-7.3366834171E+00      9.0443536926E-28
-7.1356783920E+00      1.7038110444E-21
-6.9346733668E+00      4.2572081591E-16
-6.7336683417E+00      1.4108729529E-11
-6.5326633166E+00      6.2016963078E-08
-6.3316582915E+00      3.6157021557E-05
-6.1306532663E+00      2.7959819688E-03
-5.9296482412E+00      2.8677127674E-02
-5.7286432161E+00      3.9011845782E-02
-5.5276381910E+00      7.0390964015E-03
-5.3266331658E+00      1.6846003732E-04
-5.1256281407E+00      5.3473232399E-07
-4.9246231156E+00      2.2593149325E-10
-4.7236180905E+00      1.0442266794E-08
-4.5226130653E+00      1.8070378664E-05
-4.3216080402E+00      4.1486662061E-03
-4.1206030151E+00      1.2680476356E-01
-3.9195979899E+00      5.4277500414E-01
-3.7185929648E+00      5.3798090175E-01
-3.5175879397E+00      3.0199508450E-01
-3.3165829146E+00      4.0188938646E-02
-3.1155778894E+00      3.1166522630E-03
-2.9145728643E+00      9.3097446899E-02
-2.7135678392E+00      5.3903616656E-01
-2.5125628141E+00      1.0524315215E+00
-2.3115577889E+00      1.2701098671E+00
-2.1105527638E+00      3.0528529196E-01
-1.9095477387E+00      1.9676934091E-01
-1.7085427136E+00      7.3083244968E-01
-1.5075376884E+00      8.4152289570E-01
-1.3065326633E+00      1.1651634890E+00
-1.1055276382E+00      8.0288773154E-01
-9.0452261307E-01      6.3215432212E-01
-7.0351758794E-01      5.9374948566E-01
-5.0251256281E-01      4.9080186117E-01
-3.0150753769E-01      1.1482627469E+00
-1.0050251256E-01      9.4421571901E-01
 1.0050251256E-01      3.6854785976E-01
 3.0150753769E-01      1.3176937861E-01
 5.0251256281E-01      1.2420154119E-01
 7.0351758794E-01      3.3941083235E-01
 9.0452261307E-01      9.2188950576E-01
 1.1055276382E+00      5.3867843783E-01
 1.3065326633E+00      6.0190725155E-02
 1.5075376884E+00      7.0459554499E-02
 1.7085427136E+00      4.4352141282E-01
 1.9095477387E+00      3.7761111279E-01
 2.1105527638E+00      1.0898471749E-01
 2.3115577889E+00      3.4826599326E-01
 2.5125628141E+00      7.2507606194E-01
 2.7135678392E+00      1.4240482863E+00
 2.9145728643E+00      1.5524749282E+00
 3.1155778894E+00      6.9956133552E-01
 3.3165829146E+00      7.3653499190E-01
 3.5175879397E+00      5.8007136430E-01
 3.7185929648E+00      1.7603303208E-01
 3.9195979899E+00      8.7806555976E-01
 4.1206030151E+00      1.3508121740E+00
 4.3216080402E+00      3.1577009793E-01
 4.5226130653E+00      9.1534389253E-02
 4.7236180905E+00      2.6276591259E-01
 4.9246231156E+00      1.1268445060E-01
 5.1256281407E+00      7.3311901531E-03
 5.3266331658E+00      2.9686198524E-02
 5.5276381910E+00      1.3445585186E-01
 5.7286432161E+00      2.5416851817E-01
 5.9296482412E+00      5.3897707393E-01
 6.1306532663E+00      3.0302851341E-01
 6.3316582915E+00      2.7465346032E-01
 6.5326633166E+00      9.2432552678E-02
 6.7336683417E+00      4.4047690138E-03
 6.9346733668E+00      1.9170829827E-02
 7.1356783920E+00      3.9074627215E-01
 7.3366834171E+00      1.0578065314E+00
 7.5376884422E+00      3.8119902770E-01
 7.7386934673E+00      8.5815935797E-02
 7.9396984925E+00      4.4027059971E-01
 8.1407035176E+00      3.7941031532E-01
 8.3417085427E+00      4.3378123398E-02
 8.5427135678E+00      6.6775241290E-04
 8.7437185930E+00      1.2282341431E-03
 8.9447236181E+00      2.0103935175E-02
 9.1457286432E+00      4.7985896818E-02
 9.3467336683E+00      6.5075170974E-02
 9.5477386935E+00      8.1702978415E-02
 9.7487437186E+00      1.6646994726E-02
 9.9497487437E+00      4.5238750668E-04
 1.0150753769E+01      1.6308153081E-06
 1.0351758794E+01      7.7975828699E-10
 1.0552763819E+01      4.9450970627E-14
 1.0753768844E+01      4.1595773820E-19
 1.0954773869E+01      4.6406964406E-25
 1.1155778894E+01      0.0000000000E+00
 1.1356783920E+01      0.0000000000E+00
 1.1557788945E+01      0.0000000000E+00
 1.1758793970E+01      0.0000000000E+00
 1.1959798995E+01      0.0000000000E+00
 1.2160804020E+01      0.0000000000E+00
 1.2361809045E+01      0.0000000000E+00
 1.2562814070E+01      0.0000000000E+00
 1.2763819095E+01      0.0000000000E+00
 1.2964824121E+01      0.0000000000E+00
 1.3165829146E+01      0.0000000000E+00
 1.3366834171E+01      0.0000000000E+00
 1.3567839196E+01      0.0000000000E+00
 1.3768844221E+01      0.0000000000E+00
 1.3969849246E+01      0.0000000000E+00
 1.4170854271E+01      0.0000000000E+00
 1.4371859296E+01      0.0000000000E+00
 1.4572864322E+01      0.0000000000E+00
 1.4773869347E+01      0.0000000000E+00
 1.4974874372E+01      0.0000000000E+00
 1.5175879397E+01      0.0000000000E+00
 1.5376884422E+01      0.0000000000E+00
 1.5577889447E+01      0.0000000000E+00
 1.5778894472E+01      0.0000000000E+00
 1.5979899497E+01      0.0000000000E+00
 1.6180904523E+01      0.0000000000E+00
 1.6381909548E+01      0.0000000000E+00
 1.6582914573E+01      0.0000000000E+00
 1.6783919598E+01      0.0000000000E+00
 1.6984924623E+01      0.0000000000E+00
 1.7185929648E+01      0.0000000000E+00
 1.7386934673E+01      0.0000000000E+00
 1.7587939698E+01      0.0000000000E+00
 1.7788944724E+01      0.0000000000E+00
 1.7989949749E+01      0.0000000000E+00
 1.8190954774E+01      0.0000000000E+00
 1.8391959799E+01      0.0000000000E+00
 1.8592964824E+01      0.0000000000E+00
 1.8793969849E+01      0.0000000000E+00
 1.8994974874E+01      0.0000000000E+00
 1.9195979899E+01      0.0000000000E+00
 1.9396984925E+01      0.0000000000E+00
 1.9597989950E+01      0.0000000000E+00
 1.9798994975E+01      0.0000000000E+00
 2.0000000000E+01      0.0000000000E+00
