# mu(sigma) from mantel
# Fermi energy [eV] =    17.732216
# Bands  in_min = 1  in_max = 10
# Q-pts  iq_min = 1  iq_max = 3
# No external N_F supplied - mu rescaled column set to -1
#   sigma (eV)  N_F (states/eV/spin)  N_F (states/Ry/spin)     W(0,0) (eV)          mu  mu (dos rescaled)
        0.0100              0.000007              0.000094        0.000000    0.000000          -1.000000
        0.0200              0.150464              2.047162        2.768568    0.416569          -1.000000
        0.0300              0.724785              9.861217        2.768568    2.006618          -1.000000
        0.0400              1.086113             14.777334        2.768568    3.006978          -1.000000
        0.0500              1.197021             16.286319        2.768568    3.314035          -1.000000
        0.0600              1.187138             16.151848        2.768568    3.286672          -1.000000
        0.0700              1.130127             15.376171        2.768567    3.128832          -1.000000
        0.0800              1.058566             14.402535        2.768553    2.930696          -1.000000
        0.0900              0.986045             13.415833        2.768376    2.729743          -1.000000
        0.1000              0.918209             12.492883        2.767374    2.541029          -1.000000
        0.1100              0.857625             11.668592        2.763960    2.370441          -1.000000
        0.1200              0.805620             10.961033        2.755767    2.220102          -1.000000
        0.1300              0.762759             10.377871        2.740486    2.090330          -1.000000
        0.1400              0.728911              9.917342        2.716847    1.980339          -1.000000
        0.1500              0.703354              9.569632        2.685143    1.888607          -1.000000
        0.1600              0.684970              9.319502        2.647047    1.813148          -1.000000
        0.1700              0.672457              9.149245        2.604972    1.751731          -1.000000
        0.1800              0.664508              9.041106        2.561371    1.702053          -1.000000
        0.1900              0.659934              8.978866        2.518259    1.661885          -1.000000
        0.2000              0.657713              8.948650        2.477035    1.629178          -1.000000
        0.2100              0.657016              8.939160        2.438510    1.602139          -1.000000
        0.2200              0.657193              8.941580        2.403038    1.579261          -1.000000
        0.2300              0.657760              8.949287        2.370656    1.559323          -1.000000
        0.2400              0.658365              8.957515        2.341209    1.541370          -1.000000
        0.2500              0.658768              8.962996        2.314436    1.524675          -1.000000
        0.2600              0.658815              8.963647        2.290023    1.508702          -1.000000
        0.2700              0.658422              8.958290        2.267643    1.493065          -1.000000
        0.2800              0.657549              8.946423        2.246974    1.477497          -1.000000
        0.2900              0.656198              8.928032        2.227709    1.461817          -1.000000
        0.3000              0.654390              8.903440        2.209561    1.445915          -1.000000
        0.3100              0.652167              8.873193        2.192269    1.429726          -1.000000
        0.3200              0.649579              8.837974        2.175597    1.413221          -1.000000
        0.3300              0.646680              8.798533        2.159332    1.396396          -1.000000
        0.3400              0.643527              8.755640        2.143285    1.379262          -1.000000
        0.3500              0.640177              8.710054        2.127294    1.361844          -1.000000
        0.3600              0.636681              8.662496        2.111214    1.344170          -1.000000
        0.3700              0.633090              8.613634        2.094927    1.326277          -1.000000
        0.3800              0.629447              8.564076        2.078331    1.308200          -1.000000
        0.3900              0.625794              8.514365        2.061348    1.289979          -1.000000
        0.4000              0.622164              8.464974        2.043916    1.271650          -1.000000
        0.4100              0.618587              8.416313        2.025991    1.253252          -1.000000
        0.4200              0.615090              8.368727        2.007548    1.234822          -1.000000
        0.4300              0.611692              8.322501        1.988576    1.216396          -1.000000
        0.4400              0.608411              8.277866        1.969078    1.198010          -1.000000
        0.4500              0.605261              8.235003        1.949072    1.179697          -1.000000
        0.4600              0.602251              8.194048        1.928586    1.161493          -1.000000
        0.4700              0.599388              8.155098        1.907658    1.143428          -1.000000
        0.4800              0.596677              8.118213        1.886335    1.125533          -1.000000
        0.4900              0.594120              8.083426        1.864672    1.107840          -1.000000
        0.5000              0.591718              8.050743        1.842727    1.090375          -1.000000
        0.5100              0.589469              8.020147        1.820562    1.073166          -1.000000
        0.5200              0.587372              7.991606        1.798243    1.056237          -1.000000
        0.5300              0.585421              7.965070        1.775836    1.039612          -1.000000
        0.5400              0.583614              7.940481        1.753406    1.023313          -1.000000
        0.5500              0.581945              7.917767        1.731019    1.007357          -1.000000
        0.5600              0.580407              7.896853        1.708736    0.991763          -1.000000
        0.5700              0.578997              7.877656        1.686617    0.976545          -1.000000
        0.5800              0.577706              7.860093        1.664717    0.961716          -1.000000
        0.5900              0.576528              7.844076        1.643088    0.947287          -1.000000
        0.6000              0.575458              7.829516        1.621776    0.933265          -1.000000
        0.6100              0.574489              7.816328        1.600826    0.919657          -1.000000
        0.6200              0.573614              7.804422        1.580273    0.906467          -1.000000
        0.6300              0.572827              7.793716        1.560151    0.893697          -1.000000
        0.6400              0.572122              7.784125        1.540488    0.881347          -1.000000
        0.6500              0.571493              7.775569        1.521308    0.869417          -1.000000
        0.6600              0.570935              7.767970        1.502630    0.857904          -1.000000
        0.6700              0.570441              7.761255        1.484468    0.846802          -1.000000
        0.6800              0.570007              7.755351        1.466834    0.836106          -1.000000
        0.6900              0.569628              7.750191        1.449735    0.825810          -1.000000
        0.7000              0.569299              7.745709        1.433176    0.815905          -1.000000
        0.7100              0.569015              7.741846        1.417157    0.806383          -1.000000
        0.7200              0.568772              7.738542        1.401677    0.797234          -1.000000
        0.7300              0.568566              7.735743        1.386732    0.788449          -1.000000
        0.7400              0.568394              7.733399        1.372315    0.780015          -1.000000
        0.7500              0.568251              7.731460        1.358419    0.771924          -1.000000
        0.7600              0.568135              7.729882        1.345034    0.764162          -1.000000
        0.7700              0.568043              7.728622        1.332150    0.756718          -1.000000
        0.7800              0.567971              7.727642        1.319754    0.749581          -1.000000
        0.7900              0.567917              7.726905        1.307832    0.742740          -1.000000
        0.8000              0.567878              7.726378        1.296372    0.736181          -1.000000
        0.8100              0.567852              7.726030        1.285359    0.729894          -1.000000
        0.8200              0.567838              7.725831        1.274779    0.723867          -1.000000
        0.8300              0.567832              7.725756        1.264615    0.718089          -1.000000
        0.8400              0.567834              7.725781        1.254854    0.712549          -1.000000
        0.8500              0.567842              7.725884        1.245480    0.707235          -1.000000
        0.8600              0.567853              7.726046        1.236478    0.702138          -1.000000
        0.8700              0.567868              7.726248        1.227832    0.697247          -1.000000
        0.8800              0.567885              7.726475        1.219528    0.692552          -1.000000
        0.8900              0.567902              7.726712        1.211552    0.688043          -1.000000
        0.9000              0.567920              7.726948        1.203888    0.683712          -1.000000
        0.9100              0.567936              7.727170        1.196523    0.679549          -1.000000
        0.9200              0.567951              7.727371        1.189444    0.675546          -1.000000
        0.9300              0.567963              7.727541        1.182637    0.671694          -1.000000
        0.9400              0.567973              7.727673        1.176088    0.667986          -1.000000
        0.9500              0.567980              7.727763        1.169787    0.664415          -1.000000
        0.9600              0.567983              7.727805        1.163720    0.660973          -1.000000
        0.9700              0.567982              7.727796        1.157877    0.657653          -1.000000
        0.9800              0.567978              7.727734        1.152246    0.654450          -1.000000
        0.9900              0.567969              7.727616        1.146816    0.651356          -1.000000
        1.0000              0.567956              7.727442        1.141578    0.648366          -1.000000
